01101010010110010010110001101111
00100111111000000110110000011101
01010001010111100111000111010110
01010001010111101101111110111011
01110001101010101001001011001101
11101101001101111000110010101000
01010000100101111001010111000000
10111110001000100000010010111011
11001101100101100001011010001101
00010001001001000110100111010111
11111011010111110011101001100011
10000110111101111011000100000000
00010100010111110010011101001110
00010101101011110110000011011011
11001001110011111110011001100010
01001010111100010101011000001110
01101101111001001001010110100000
11011110011001100010001011100111
10110001101000001001101110101000
10000011111011111110100011100110
