11001110110010101111101101000100
10110100001010111001000011110101
11000010010011101000001111011101
10110000011100101011010110111000
11101100010111111010010011010000
01101001100100011010011000101100
10011011011101110100101100101100
10110111100111010001000000000000
01111101111001100001011001010001
11110011000110110000101011110101
00110101111111000101100000001000
00111111000010010011001001001000
11010011011000111001001101011100
00000001011100111000011110001001
10001111110100111010010010011110
00111001101001010001100011000100
01000110110101100011110000100110
10101001001100011110001111101000
00111000000110100110011010111101
11010100111100111000001000001001
