00111001001001000010011110110011
11011100000010111111110100010010
00010011101011001111010110110011
00000001110100011001010101110011
01011110000010100011011110011101
01010110110010010011001011010101
11101100000011101110000011101101
01110101101111110001010010111011
01001011011111000010110011011110
00000100001111110111010011001101
00110001010110111001001001101100
11000110000000001110001101001001
11100111110000101011101010101011
00010111001000101110100001100100
01011001101000111000101100000000
10000100100101100110111011010010
10110100101110101101000111000110
10000111100110000000011011001111
11101001101110110000001001100101
01011000111000110110101011110000
